4546517798238892
4280467098008866
4035648746505241
4497968945479274
4768488055355206
4514669804962580
4075088914747512
4720369752344897
4182689872228839
4554009072104861
4398380721611246
4660700921586278
4133020020461200
4877301889967486
4249721989953417
4184902738359792
4456321836235735
4727751036219766
4663922795627051
4034452995502074
4396772195576005
4240953843074490
4513473043958432
4457655702466707
4729075902341649
4182493011225671
4036675850723956
4398095970617988
4669515170583910
4515696828189395
4876016028064337
4622397786572602
4184717986456645
4455047086332676
4290308834938951
4662747934714984
4034167134688915
4778328893205290
4240758092171232
4085929741677507
4357459941563549
4729779041447571
4564950809044856
4836479909929888
4317899119704810
4143070858312295
4414490078286237
4359671715783512
4620091925668554
4093511025543576
4837692884151761
4299012983035794
4572541183911735
4416712832427000
4778042032302042
4623313790909417
4085743990774459
4366163090659481
4292445849266766
4563765949141798
4845185148026730
4779466806523005
4152885006408047
4886966755915312
4358486954981354
4630806074765386
4465087813272661
4847407923257694
4218827123132635
4044008881539900
4425528081514942
4250709720021317
4532028930906359
4094558039771381
4738729898378676
4110159998253698
4573579198147630
4327750846645815
4689170045529857
4524451704137232
4896770904012264
4267190104987296
4113471852484571
4474891052368502
4746111172244545
4680492911751810
4053812021636852
4887093879233237
4269413989117269
4532842189003291
4476013828509476
4748543036475408
4119963136359440
4855045995966715
4326565095742757
4162746843348031
4433166943224064
4895586143108096
4649767802616471
4012186002581402
4474606101465445
4228787950063710
4580107050957751
4435488819455947
4797808918339979
4168128128214991
4014409876722386
4375829086606318
4647358186572350
4582529924178635
4854859034054667
4798020883561941
4160550993445974
4433970192321906
4377051841727381
4649571041713212
4010991141687255
4856172909184530
4227591009169561
4063772858576847
4434192958452879
4796612158436800
4542893815933286
4013113015718218
4375643125783250
4129815974201535
4582343083175567
4336415822673741
4698845922567774
4160365132442706
4815546880049090
4277866090924012
4658386190709055
4484567949316440
4755987049281471
4690058806788757
4062587906663789
4344907106548710
4278178855155096
4540698054039038
4823928154915060
4757199913422345
4139619013307377
4064890871904651
4336110071779684
4617649181654616
4543810920261990
4824340020146932
4286660239021965
4120841988528349
4493361198403371
4237542836019657
4619862045985689
4072382145769610
4716563904377896
4288982004252838
4559302204137869
4385583952634245
4766903152518277
4592185811126561
4873605011001594
4345925110976516
4179106979473800
4452626079357842
4824055289243875
4668126928749259
4030656126625281
4865827885132467
4247357085116499
4518677195082430
4454858933488706
4725378043464748
4187797243348779
4032978902756055
4394398101631087
4248579850237461
4510999050113494
4873419150007436
4727590919505700
4189910018479742
4450440218354775
4396611976962959
4667940176746981
4413111824344377
4774641024228398
4246061124103330
4080342983611616
4353662083585648
4725082292461679
4569363931077965
4832783141953997
4776865890459371
4148383009334304
4419703109219346
4355985958726510
4626305058602552
4088725258576585
4833906915173869
4295426115058891
4149507874565277
4412927074441208
4774456173325240
4628627922932516
4080057022717557
4352477222682589
4297658980289865
4568078180164797
4314359839672071
4775679039556004
4147098249431046
4882379996038410
4354799106913452
4636019206708485
4460390055305779
4833710154279791
4677991913687087
4049311013662018
4420741213547040
4256912971044336
4528441171029367
4099761271904399
4735942020311675
4116462120386606
4042643988783981
4313063088668914
4685483288653956
4529665936159330
4882085135035362
4264503245019395
4198685094427679
4470005104302601
4315386942908886
4677706052774818
4058026252658850
4884307911266236
4265727111141267
4537157210026299
4462428079523575
4744757179417506
4578918928015891
4050448026989814
4323878226765856
4157949985372240
4539469185256262
4890889285132295
4646060033638489
4117480133514411
4843660992121796
4224080092005738
4686500201971760
4430781940477045
4793001150363077
4265521250247009
4019702018745485
4372122118629416
4226303976236791
4588722076112734
4859152276086765
4795423924584940
4166753124468972
4438173224343905
4373455083951389
4645875182735311
4589956931333696
4852476031227638
4224895231103660
4168076990609945
4430496199574977
4792816309459909
4647097048066395
4018517258942316
4754798905348501
4225018115323544
4587548215208565
4332719074615850
4694148174581882
4166568373565814
4810749022072299
4273169222957231
4127440981454506
4489760180339548
4750180280214570
4696461039722855
4067881139606887
4339100339571819
4274481096178094
4546801296053036
4480082945561401
4753502145445444
4125822254329475
4069003003937750
4332523113712782
4613953313687714
4548023071284099
4819553271169031
4655725920676416
4126155120551448
4488575220436370
4233756088033665
4695176188918697
4077696388703619
4712877036309904
4274196235275946
4028477994782311
4380897194667352
4762317294542385
4597498042148660
4868818142024692
4340348352908634
4175519001416809
4457849211381841
4383010959988216
4654549179763258
4036969279657280
4860040028255565
4243560126139597
4514980326015539
4449161085522804
4722681285406846
4656762933904211
4038182133978252
4399601233754285
4235882092261460
4516102192245491
4878622391121434
4723803040527719
4185323240513741
4829405909019036
4392825108985068
4664355218969090
4498525056376475
4870855276252407
4242375376236449
4087556124634714
4458976224518756
4284157083125931
4565577183001962
4037997382975995
4772178031473370
4144697231367301
4516917331243344
4350188199749619
4623618299624651
4567889048232936
4839109148116968
4290629348082990
4146800005588375
4417320205463307
4779659315348349
4624820154955514
4086350273731556
4830521012337840
4293951122222862
4565371322107895
4419552081604280
4772972280579211
4143492380454244
4088573139062539
4359992239946560
4195173096443846
4566693196328878
4838913396203800
4673195045711085
4145615245685017
4417045344569059
4252316103177434
4524646203052466
4468817052559740
4730346151434772
4192766371318705
4047847010926080
4318367220701011
4670787320676054
4525968188273439
4887388288158460
4732569026565646
4194988136449678
4466408335425609
4310589094932985
4673909294717917
4054429394782959
4889600142288344
4250020242164366
4096101001671650
4467621101556682
4749050301431615
4574321059037999
4046651259923931
4328071379707864
4153352118305249
4535772226279270
4369853075787556
4632373185662588
4113793385546519
4848975023144895
4229393233028837
4682713433904869
4426995192411244
4798415392385276
4633696040983450
4095916240777482
4377446340653415
4212617109259799
4584047208135731
4855466408019764
4780647156526048
4162067356402070
4097348014008466
4379668214974488
4640088324758419
4576369173365705
4857789283241747
4229009482125768
4164380121633954
4436709331517986
4260980080114360
4643400299089392
4015720399964335
4759901148472609
4222421248356641
4583851448232674
4338922105738958
4799451305613980
4545622054121366
4816052254105397
4378472353071339
4123653112487505
4485073212462547
4857593422347578
4692775170744854
4064095380729886
4818376029236260
4270795229111292
4542115339186235
4487396186583509
4758716296468541
4120146496353574
4065417145951868
4337747344735880
4272918003342076
4544448203227007
4816867303102049
4750928152609415
4123468251574457
4484888451458488
4339059110066764
4690479310941796
4446650078448070
4817070278323002
4279590388218045
4024771126715419
4486090226689451
4758510435565484
4593791184172668
4065111394057690
4719392033554976
4172712242438907
4443142442314949
4388413101921315
4659743301706356
4032162401671388
4866443259277664
4238863359163696
4173045118669980
4445465218545902
4727885416429945
4652066175037239
4024586375912261
4395805485786284
4230086223384578
4592506333268500
4347787182776886
4718007282651817
4180527492535859
4825708130133235
4387128340027266
4669558440903298
4494729209309574
4876158308374405
4610429156782780
4073859256666712
4454179456642755
4289450114148039
4560870314024061
4033390414008094
4767471273415478
4149891373381400
4074072121987785
4356591221773717
4628811431657759
4553092180254935
4835512389139966
4296942499014998
4142013238522384
4413543348406305
4348715195003690
4629145205978632
4082663405753665
4836745154361949
4298165354245971
4560685453121904
4415866212637388
4777186312512310
4512467171119595
4084887270084537
4355306470969569
4190487129476844
4563807329351876
4834327439236808
4679508286733284
4140828386618215
4886009135225590
4257529235101532
4629959444075564
4464120193582849
4736559303467871
4298979403342804
4043150251949088
4315670351724010
4259751110331405
4522171310216437
4883691410181469
4738872278688754
4199192378563786
4462611678457708
4316892226055092
4678312425939035
4523593184347400
4885813384322442
4257343484207474
4192515233604659
4464945332678681
4735365642554612
4670546291061998
4042965401046930
4787146149443305
4258566359327347
4520986459213379
4365167218719654
4737687318685686
4199907616569618
4844188275176992
4316608475052935
4150878124558200
4423308323434242
4884628423318274
4639899282926559
4090319382701581
4373749682675512
4217810230273808
4579340430167830
4424511199665215
4786940399549257
4168360408424289
4093541246032564
4365961356916596
4646481656782538
4572562214388702
4853982414264745
4788163173771010
4159683373655051
4432002473531084
4266183221137469
4648603321023491
4010023621907432
4745305280404708
4227625489379740
4052806138986015
4334326338762057
4795756438646989
4530827295243364
4812356395128396
4374776605003338
4118957244511602
4480377454485645
4325558102003930
4697978312977951
4069498412752984
4894679271259379
4276999370234300
4547418670119332
4483699229526518
4754019429501550
4689190186008835
4060610386973867
4333040686968899
4277311235365274
4549641435249206
4812061634225248
4756341393632512
4128761493517555
4863942242114830
4335362341089861
4696782651964894
4442963200471079
4813483410356000
4275703610231042
4020985378738418
4482403478623450
4237685226229735
4598905326105767
4060425625079799
4715606284587084
4177026484462006
4549456684347048
4384627332944432
4656057432728455
4590328291336649
4863757391211671
4234077691186604
4179358249683989
4440778449577910
4713198659453952
4657379308059338
4029799416935369
4864970255442645
4236490375326677
4598719675202609
4443990224708984
4715410423674916
4176840623558958
4022911382166232
4383441482041265
4138612230547549
4599042330433571
4862462630317504
4616642299915888
4178062498789810
4450582698664852
4285763346272238
4657083446156269
4492365205554555
4764785304538587
4245105614414508
4070386253921794
4342705473905736
4724125672771758
4558406321287042
4830726421163075
4765907280669459
4137427380544481
4419857689429414
4344028238036798
4616458438912730
4087877738786762
4823058395383048
4294578695268079
4139649244775355
4490069444651387
4773589644535318
4617760302143694
4089080402027636
4352500712902667
4186781351409942
4568100670374975
4393481219982359
4675701429766381
4146121629641314
4872402386248608
4253822486123630
4625152786018562
4469423335515857
4732853635489889
4666025293007265
4048453493972297
4310873693757238
4255055342354504
4527575441239546
4888895741114577
4734076300621852
4195596600506885
4030777258103069
4312096458078091
4674516678963034
4528797316469408
4880117426345440
4253647725229472
4197718384737757
4469148684612789
4214419223218065
4676849432184096
4047168632068038
4783449391476404
4254869491451446
4526389791336477
4360460349733652
4733880649727685
4578061208225979
4849581408109901
4312801606175934
4156082355582318
4428501455466350
4889921775442372
4635102313948667
4097522623724699
4842703272331975
4214123482216906
4575653682181948
4420725320687214
4782155430573256
4154673730457287
4098855399055562
4360175698939595
4215456246446879
4577876446322801
4849396646206844
4784577304704218
4156897404678250
4437317704553282
4363598453161567
4634917653045599
4479098311543775
4840518411437706
4213948721313748
4057119370919034
4429549689784055
4792969789669087
4536140438276472
4098669638152405
4743740386658789
4115160495533711
4586680795418754
4322861344025038
4683381644901060
4165601743775092
4899882402382377
4272302602267309
4116583351764684
4478802451649616
4750322750524658
4685503319132934
4067923619016965
4338353729981997
4264525476488372
4545955686363304
4470126325771689
4752556435755611
4124975735639654
4058156383147838
4330676693022860
4693096793007892
4537177442404277
4819697641379209
4644878300986594
4026398400761536
4487618700646558
4223899358243844
4594318658128875
4066748758013807
4710809416519282
4173329616485214
4017500374002499
4389920474977431
4652350784752462
4596521323358748
4868950632234770
4239470732118702
4175651481626087
4446971691501019
4382152339108494
4653672449073436
4025092749967468
4869173308465642
4232693608349675
4594012706225607
4448393455732982
4710613655616914
4555895314214399
4027315413188331
4388745713064362
4134916372571658
4595346672455670
4867766882331602
4612947420947997
4174466730723939
4828547389329204
4280967689205246
4653487798179278
4497668436686552
4769988646562585
4230408846446517
4076689404044891
4347009704928834
4283180353335209
4554609653311241
4826029753285272
4762300411603558
4133720611677580
4495050811553511
4349321470059797
4612751779034739
4556922328442004
4828352628326046
4280771738302078
4135952485708452
4497472685673485
4778792895668417
4614973434165791
4075493744041734
4720675392557019
4282995602432051
4564413702317072
4398695451914368
4760015650789390
4143445850664331
4877616419272607
4359046719156649
4184317378653914
4456747676538956
4837067776423988
4663348425021362
4034767625905395
4416187834779337
4240368483387601
4523788783262644
4457969332769819
4729489632644850
4192709741528882
4036980490136268
4318400600011290
4679829800986231
4515000458483507
4886420758378549
4722601316975814
4193021616759856
4465551716635888
4399622474242272
4672052674127295
4044572874002237
4888753423508411
4250072722474454
4085353381081739
4467773681966760
4738193881741792
4574475439347078
4845795739233009
4317115849117041
4152496698615417
4424816708589459
4368996445007734
4630416655072766
4093846855956798
4847017414354972
4219447713238905
4570867813214947
4426048672621311
4787568772505354
4633649420103639
4094068620087660
4366588820963692
4210759489469978
4573079789345909
4845509888229941
4789770636736217
4152190736612258
4896471495218544
4368791694184576
4639110804068598
4475491443575882
4846811753451815
4218141853335857
4053412611943231
4425842711727264
4269013470324548
4532443670209570
4094863879174502
4748045428682788
4110563728566719
4572883828442751
4327065685048037
4688585785923068
4534766434431444
4895186634315476
4267506834281408
4112787492707782
4474107792672715
4756626802557757
4680707641154031
4053127750039064
4897408409546348
4269828619421370
4530158819306302
4476429476903697
4748859776778619
4129378876663651
4055559625261947
4326879725145978
4162050483552354
4533570683537386
4815990883412317
4649071432919692
4112591731984635
4484911831768667
4228192690276841
4690511790251874
4435792449658258
4797112748533280
4278642858528212
4014713606025597
4385143716909539
4757663915775561
4582845674382847
4864365874267878
4798446423764254
4170865723648286
4443385822524217
4377566681131492
4659886781016435
4020306981981466
4866587639487741
4237907839373774
4163088498979068
4444508798755090
4716927898639012
4640108645247407
4023528745122449
4385958955006471
4239129604504756
4592659813478788
4336820452086964
4718150772961996
4179670872745937
4825850620343302
4286370720237345
4658690920113376
4493871689619651
4765391889584684
4619572436102968
4072892736076990
4344312836952932
4288593695458307
4550912794334349
4822342994218371
4767513643725556
4138943843601588
4074115401207864
4345645701183895
4617965811067837
4552146650564212
4824666770449245
4286085979324276
4130166628932561
4493686828716594
4247867486214778
4619387785188700
4070607885163742
4726888634571017
4287308734455059
4559728934431081
4394909692947466
4766328892722498
4510599441329774
4873919741204705
4345459840179747
4189510609686012
4452940709561054
4823460919446086
4668641656043361
4039961876928394
4875142415435678
4246661725311600
4518081925285642
4453162683702917
4725682883677959
4197002983552981
4032383732159366
4394703831034398
4248885690541684
4510303790426615
4882723990301647
4727905648908832
4188325848773864
4460755948668896
4395926706265271
4677456806149204
4413527654657588
4874957754532510
4256476974417552
4080657613014837
4463977822988869
4734497922764891
4569678781371276
4042098881256208
4776379630753482
4148699739647415
4529019939523457
4355390698129732
4636719898005764
4198049996979796
4833310745487071
4215740845362002
4149911604768498
4422341704744410
4784761903628452
4628942652136747
4090462852111769
4362781972085791
4217962710403986
4578482820477918
4414663679975392